穿搭记录 · Leo | [53,182][691,264] | tap=(372,223)
随机一套 | [828,199][964,248] | tap=(896,223)
全部 | [95,341][163,390] | tap=(129,365)
#休闲 | [268,341][357,390] | tap=(312,365)
#秋 | [462,341][517,390] | tap=(489,365)
#春 | [622,341][677,390] | tap=(649,365)
#夏 | [782,341][837,390] | tap=(809,365)
#出游 | [942,341][1027,390] | tap=(984,365)
穿搭成品图 | [81,449][1027,1321] | tap=(554,885)
#休闲 | [134,1350][224,1390] | tap=(179,1370)
#出游 | [282,1350][372,1390] | tap=(327,1370)
#早秋 | [430,1350][520,1390] | tap=(475,1370)
上一张 | [384,1447][510,1573] | tap=(447,1510)
‹ | [442,1490][452,1530] | tap=(447,1510)
1/5 | [515,1490][566,1530] | tap=(540,1510)
下一张 | [571,1447][697,1573] | tap=(634,1510)
› | [629,1490][639,1530] | tap=(634,1510)
全部 5 套 | [53,1620][199,1672] | tap=(126,1646)
穿搭成品图 | [53,1710][519,2127] | tap=(286,1918)
黑色棒球帽 | [699,1744][890,1787] | tap=(794,1765)
藏蓝色防雨派克外套 | [595,1816][779,1949] | tap=(687,1882)
黑色罗纹高领衫 | [808,1816][993,1949] | tap=(900,1882)
鼠尾草绿尼龙双肩包 | [595,2014][720,2115] | tap=(657,2064)
米色打褶长裤 | [749,1978][993,2127] | tap=(871,2052)
搭配 | [142,2251][204,2297] | tap=(173,2274)
穿搭记录 | [478,2251][602,2297] | tap=(540,2274)
衣橱 | [876,2251][938,2297] | tap=(907,2274)
