返回 | [43,181][106,244] | tap=(74,212)
穿搭 · 2026/09/24 | [148,174][557,249] | tap=(352,211)
编辑标签 | [849,181][912,244] | tap=(880,212)
删除穿搭 | [975,181][1038,244] | tap=(1006,212)
成品效果图 1 | [53,296][1027,1429] | tap=(540,862)
#休闲 | [74,1463][164,1503] | tap=(119,1483)
#出游 | [222,1463][312,1503] | tap=(267,1483)
#早秋 | [370,1463][460,1503] | tap=(415,1483)
这套包含 | [53,1537][221,1598] | tap=(137,1567)
浅蓝色亚麻衬衫 | [84,1650][190,1782] | tap=(137,1716)
上装 · 浅蓝色亚麻衬衫 | [227,1690][938,1742] | tap=(582,1716)
浅蓝色牛仔夹克 | [84,1860][190,1992] | tap=(137,1926)
外套 · 浅蓝色牛仔夹克 | [227,1900][938,1952] | tap=(582,1926)
中蓝色直筒牛仔裤 | [84,2070][190,2202] | tap=(137,2136)
下装 · 中蓝色直筒牛仔裤 | [227,2110][938,2162] | tap=(582,2136)
白色皮革运动鞋 | [84,2280][190,2337] | tap=(137,2308)
鞋 · 白色皮革运动鞋 | [227,2320][938,2337] | tap=(582,2328)
