&#128104; Leo | [85,178][276,246] | tap=(180,212)
切换角色 | [276,181][339,244] | tap=(307,212)
混入心愿 | [539,190][663,235] | tap=(601,212)
随机一套 | [883,187][1027,239] | tap=(955,213)
黑色棒球帽 | [386,307][694,615] | tap=(540,461)
黑色棒球帽 | [392,571][532,611] | tap=(462,591)
1/1 | [532,528][658,654] | tap=(595,591) [click]
移除该格 | [599,499][725,625] | tap=(662,562) [click]
锈红色灯芯绒夹克 | [211,646][519,1044] | tap=(365,845)
锈红色灯芯绒夹克 | [217,1000][357,1040] | tap=(287,1020)
3/4 | [357,957][483,1083] | tap=(420,1020) [click]
移除该格 | [424,928][550,1054] | tap=(487,991) [click]
黑色罗纹高领衫 | [561,646][869,1044] | tap=(715,845)
黑色罗纹高领衫 | [567,1000][707,1040] | tap=(637,1020)
2/5 | [707,957][833,1070] | tap=(770,1013) [click]
移除该格 | [774,928][900,1054] | tap=(837,991) [click]
鼠尾草绿尼龙双肩包 | [216,1350][476,1658] | tap=(346,1504)
鼠尾草绿尼龙双肩包 | [222,1614][314,1654] | tap=(268,1634)
2/2 | [314,1571][440,1697] | tap=(377,1634) [click]
移除该格 | [381,1542][507,1668] | tap=(444,1605) [click]
象牙白亚麻短裤 | [518,1075][864,1658] | tap=(691,1366)
象牙白亚麻短裤 | [524,1614][702,1654] | tap=(613,1634)
5/6 | [702,1571][828,1697] | tap=(765,1634) [click]
移除该格 | [769,1542][895,1668] | tap=(832,1605) [click]
棕色切尔西短靴 | [347,1689][734,1832] | tap=(540,1760)
棕色切尔西短靴 | [353,1788][572,1828] | tap=(462,1808)
2/2 | [572,1745][698,1871] | tap=(635,1808) [click]
移除该格 | [639,1716][765,1842] | tap=(702,1779) [click]
复制长图 | [316,2013][460,2065] | tap=(388,2039)
保存这套 | [828,2014][964,2063] | tap=(896,2038)
搭配 | [142,2251][204,2297] | tap=(173,2274)
穿搭记录 | [478,2251][602,2297] | tap=(540,2274)
衣橱 | [876,2251][938,2297] | tap=(907,2274)
