返回 | [43,181][106,244] | tap=(74,212)
衣橱回顾 · Leo | [148,174][495,249] | tap=(321,211)
累计 | [925,190][987,235] | tap=(956,212)
今年 | [799,190][861,235] | tap=(830,212)
20 | [182,354][246,422] | tap=(214,388)
单品 | [180,422][248,462] | tap=(214,442)
5 | [524,354][556,422] | tap=(540,388)
穿搭套 | [489,422][590,462] | tap=(539,442)
0 | [850,354][882,422] | tap=(866,388)
打卡次数 | [799,422][933,462] | tap=(866,442)
还没有穿搭打卡 | [393,754][687,815] | tap=(540,784)
去「穿搭记录」打开一套，点「今天穿了这套」——&#10;最百搭、利用率与年度长图都会从这里长出来 | [156,831][924,928] | tap=(540,879)
去打卡 | [489,999][591,1048] | tap=(540,1023)
品类分布 | [53,1192][221,1253] | tap=(137,1222)
下装 6 | [145,1283][246,1323] | tap=(195,1303)
上装 5 | [411,1283][512,1323] | tap=(461,1303)
下装 6 · 上装 5 · 外套 4 · 鞋 2 · 包 2 · 帽子 1 | [53,1342][771,1382] | tap=(412,1362)
闲置清单 | [95,1477][239,1529] | tap=(167,1503)
20 件从没上过身 | [95,1529][349,1569] | tap=(222,1549)
查看闲置清单 | [922,1492][985,1555] | tap=(953,1523)
连续打卡 | [95,1680][239,1732] | tap=(167,1706)
0 天 | [920,1680][985,1732] | tap=(952,1706)
生成年度衣橱长图 | [404,1876][676,1925] | tap=(540,1900)
2026 年打卡 ≥ 1 次后解锁 · 去「穿搭记录」点「今天穿了这套」 | [53,1985][1027,2034] | tap=(540,2009)
衣柜提醒 | [53,2097][221,2158] | tap=(137,2127)
好久没穿提醒 | [95,2238][311,2290] | tap=(203,2264)
单品粒度 · 穿过 2 次以上 · 超过 60 天没穿 | [95,2290][746,2330] | tap=(420,2310)
