返回 | [43,181][106,244] | tap=(74,212)
穿搭 · 2026/09/24 | [148,174][557,249] | tap=(352,211)
编辑标签 | [849,181][912,244] | tap=(880,212)
删除穿搭 | [975,181][1038,244] | tap=(1006,212)
#休闲 | [74,301][164,341] | tap=(119,321)
#出游 | [222,301][312,341] | tap=(267,321)
#早秋 | [370,301][460,341] | tap=(415,321)
这套包含 | [53,375][221,436] | tap=(137,405)
浅蓝色亚麻衬衫 | [84,488][190,620] | tap=(137,554)
上装 · 浅蓝色亚麻衬衫 | [227,528][938,580] | tap=(582,554)
浅蓝色牛仔夹克 | [84,698][190,830] | tap=(137,764)
外套 · 浅蓝色牛仔夹克 | [227,738][938,790] | tap=(582,764)
中蓝色直筒牛仔裤 | [84,908][190,1040] | tap=(137,974)
下装 · 中蓝色直筒牛仔裤 | [227,948][938,1000] | tap=(582,974)
白色皮革运动鞋 | [84,1118][190,1250] | tap=(137,1184)
鞋 · 白色皮革运动鞋 | [227,1158][938,1210] | tap=(582,1184)
浅棕色帆布托特包 | [84,1328][190,1460] | tap=(137,1394)
包 · 浅棕色帆布托特包 | [227,1368][938,1420] | tap=(582,1394)
今天穿了这套 | [438,1556][642,1605] | tap=(540,1580)
复制长图 | [504,1714][640,1763] | tap=(572,1738)
评论（1） | [53,1856][245,1917] | tap=(149,1886)
2026/09/24 | [53,1959][255,1993] | tap=(154,1976)
周末出门舒服，牛仔夹克稍微卷袖子更轻松。 | [292,1948][875,2062] | tap=(583,2005)
删除评论 | [941,1988][988,2035] | tap=(964,2011)
说点什么… | [95,2139][254,2188] | tap=(174,2163)
发送评论 | [928,2141][975,2188] | tap=(951,2164)
