衣橱 · Leo | [53,160][319,286] | tap=(186,223) [click]
共 20 件 | [599,203][733,243] | tap=(666,223)
衣橱回顾 | [794,200][841,247] | tap=(817,223)
心愿 | [941,200][988,247] | tap=(964,223)
全部 | [95,346][163,395] | tap=(129,370)
上装 | [255,341][313,399] | tap=(284,370)
外套 | [392,341][450,399] | tap=(421,370)
下装 | [529,341][587,399] | tap=(558,370)
连衣裙 | [666,341][724,399] | tap=(695,370)
鞋 | [803,341][854,399] | tap=(828,370)
筛选 | [917,346][985,395] | tap=(951,370)
浅蓝色亚麻衬衫 | [79,485][496,1009] | tap=(287,747)
编辑或删除 | [415,520][462,567] | tap=(438,543)
浅蓝色亚麻衬衫 | [79,1035][485,1166] | tap=(282,1100)
› | [485,1046][496,1089] | tap=(490,1067)
浅蓝色 | [95,1174][196,1214] | tap=(145,1194)
  #休闲 #度假 | [212,1174][426,1214] | tap=(319,1194)
黑色罗纹高领衫 | [585,485][1001,1008] | tap=(793,746)
编辑或删除 | [920,520][967,567] | tap=(943,543)
黑色罗纹高领衫 | [585,1034][990,1165] | tap=(787,1099)
› | [990,1045][1001,1088] | tap=(995,1066)
黑色 | [601,1173][669,1213] | tap=(635,1193)
  #通勤 #简约 | [685,1173][899,1213] | tap=(792,1193)
奶油色针织开衫 | [79,1301][496,1825] | tap=(287,1563)
编辑或删除 | [415,1336][462,1383] | tap=(438,1359)
奶油色针织开衫 | [79,1851][485,1959] | tap=(282,1905)
› | [485,1862][496,1905] | tap=(490,1883)
海军条纹针织 Polo | [585,1301][1001,1824] | tap=(793,1562)
编辑或删除 | [920,1336][967,1383] | tap=(943,1359)
海军条纹针织 Polo | [585,1850][990,1959] | tap=(787,1904)
› | [990,1861][1001,1904] | tap=(995,1882)
添加衣物 | [514,2019][650,2068] | tap=(582,2043)
搭配 | [142,2251][204,2297] | tap=(173,2274)
穿搭记录 | [478,2251][602,2297] | tap=(540,2274)
衣橱 | [876,2251][938,2297] | tap=(907,2274)
