拍照 / 选照片 · 第一步（必填 *） | [260,636][821,692] | tap=(540,664)
名称 * | [95,1008][207,1071] | tap=(151,1039)
品类 | [53,1150][115,1195] | tap=(84,1172)
上装 | [145,1271][213,1320] | tap=(179,1295)
外套 | [368,1271][436,1320] | tap=(402,1295)
下装 | [591,1271][659,1320] | tap=(625,1295)
连衣裙 | [814,1271][916,1320] | tap=(865,1295)
鞋 | [145,1418][179,1467] | tap=(162,1442)
包 | [334,1418][368,1467] | tap=(351,1442)
帽子 | [523,1418][591,1467] | tap=(557,1442)
其他配饰 | [746,1418][882,1467] | tap=(814,1442)
颜色 | [95,1608][179,1671] | tap=(137,1639)
描述（会拼进生图文案） | [95,1816][557,1879] | tap=(326,1847)
标签 | [53,1958][115,2003] | tap=(84,1980)
通勤 | [79,2053][141,2094] | tap=(110,2073)
休闲 | [209,2053][271,2094] | tap=(240,2073)
运动 | [339,2053][401,2094] | tap=(370,2073)
约会 | [469,2053][531,2094] | tap=(500,2073)
度假 | [599,2053][661,2094] | tap=(630,2073)
正式 | [729,2053][791,2094] | tap=(760,2073)
简约 | [859,2053][921,2094] | tap=(890,2073)
复古 | [989,2053][1027,2094] | tap=(1008,2073)
关闭 | [43,181][106,244] | tap=(74,212)
添加衣物 | [148,174][356,249] | tap=(252,211)
选照片、填名称后可保存 | [353,2120][727,2169] | tap=(540,2144)
保存 | [506,2224][574,2273] | tap=(540,2248)
