返回 | [43,181][106,244] | tap=(74,212)
编辑 | [975,181][1038,244] | tap=(1006,212)
浅蓝色亚麻衬衫 | [58,301][1022,1509] | tap=(540,905)
浅蓝色亚麻衬衫 | [53,1551][494,1642] | tap=(273,1596)
浅蓝色 · 轻薄亚麻、自然褶皱、落肩宽松版型 | [53,1653][724,1702] | tap=(388,1677)
#休闲 | [74,1761][164,1801] | tap=(119,1781)
#度假 | [222,1761][312,1801] | tap=(267,1781)
#春 | [370,1761][427,1801] | tap=(398,1781)
#夏 | [485,1761][542,1801] | tap=(513,1781)
#出游 | [600,1761][690,1801] | tap=(645,1781)
这件衣服穿过这些穿搭 | [53,1897][473,1958] | tap=(263,1927)
穿搭成品图 | [53,1979][447,2337] | tap=(250,2158)
