心愿穿搭 0 | [734,353][884,398] | tap=(809,375)
想买单品 2 | [283,353][433,398] | tap=(358,375)
全部 | [95,504][163,553] | tap=(129,528)
上装 | [263,504][331,553] | tap=(297,528)
外套 | [431,504][499,553] | tap=(465,528)
下装 | [599,504][667,553] | tap=(633,528)
连衣裙 | [767,504][869,553] | tap=(818,528)
鞋 | [973,504][1007,553] | tap=(990,528)
▍外套 | [53,633][150,686] | tap=(101,659)
外套 | [135,861][203,901] | tap=(169,881)
灰蓝色羊毛大衣 | [285,739][649,814] | tap=(467,776)
¥1599 | [285,821][373,858] | tap=(329,839)
灰蓝色 | [389,819][490,859] | tap=(439,839)
example.com | [285,864][512,898] | tap=(398,881)
#正式 | [306,917][396,957] | tap=(351,937)
#简约 | [454,917][544,957] | tap=(499,937)
#冬 | [602,917][659,957] | tap=(630,937)
#通勤 | [717,917][807,957] | tap=(762,937)
今天 | [927,851][995,891] | tap=(961,871)
▍包 | [53,1039][114,1092] | tap=(83,1065)
包 | [152,1267][187,1307] | tap=(169,1287)
深棕色公文托特包 | [285,1145][701,1220] | tap=(493,1182)
¥1299 | [285,1227][373,1264] | tap=(329,1245)
深棕色 | [389,1225][490,1265] | tap=(439,1245)
example.com | [285,1270][512,1304] | tap=(398,1287)
#通勤 | [306,1323][396,1363] | tap=(351,1343)
#正式 | [454,1323][544,1363] | tap=(499,1343)
#秋 | [602,1323][659,1363] | tap=(630,1343)
今天 | [927,1257][995,1297] | tap=(961,1277)
返回 | [43,181][106,244] | tap=(74,212)
心愿 | [148,174][252,249] | tap=(200,211)
