Close sheet | [0,0][1080,177] | tap=(540,88) [click]
Drag handle | [498,235][582,246] | tap=(540,240)
导出生图素材 | [53,304][365,379] | tap=(209,341)
穿搭长图 | [53,411][1027,1339] | tap=(540,875)
风格与场景维度（全部可选） | [90,1410][906,1459] | tap=(498,1434)
人物描述（记住上次） | [95,1571][515,1634] | tap=(305,1602)
filmgrain | [53,1708][1027,1880] | tap=(540,1794) [click]
请根据这张长图生成一张真人穿搭效果图：长图顶部为生成要求，下方按人体位置摆放服装单品（各格底部标注品类）。&#10;要求：画面包含完整的人物穿搭与环境场景信息，保持每件单品的颜色与款式一致，自然真实。&#10;另外要求：filmgrain | [53,1912][1027,2012] | tap=(540,1962) [click]
文案（实时生成，可编辑） | [95,1912][503,1961] | tap=(299,1936)
复制长图 | [213,2077][349,2126] | tap=(281,2101)
保存长图到相册 | [529,2070][592,2133] | tap=(560,2101)
存相册 | [592,2077][694,2126] | tap=(643,2101)
分享 | [889,2077][957,2126] | tap=(923,2101)
只复制文本（含单品清单） | [336,2224][744,2273] | tap=(540,2248)
